# Matter power spectrum P(k) at redshift z=0
# for k=1.04206e-05 to 1.08688 h/Mpc,
# number of wavenumbers equal to 603
#    1:k (h/Mpc)              2:P (Mpc/h)^3        
       1.042057218184e-05       4.833536998314e+01 
       2.326967383895e-05       1.050301519123e+02 
       3.616372978745e-05       1.608006148938e+02 
       4.913726081258e-05       2.162187349852e+02 
       6.222535579712e-05       2.716139591793e+02 
       7.546398305974e-05       3.272355692755e+02 
       8.889031160036e-05       3.832982817655e+02 
       1.025430465059e-04       4.400009644796e+02 
       1.164627828021e-04       4.975362751761e+02 
       1.306923820715e-04       5.560965216496e+02 
       1.452773761623e-04       6.158777706752e+02 
       1.602664022595e-04       6.770830580617e+02 
       1.757116734154e-04       7.399251553487e+02 
       1.916694882799e-04       8.046291043013e+02 
       2.082007831341e-04       8.714346647329e+02 
       2.253717282862e-04       9.405987356170e+02 
       2.432543692752e-04       1.012397792050e+03 
       2.619273109284e-04       1.087130349438e+03 
       2.814764388756e-04       1.165119433565e+03 
       3.019956683058e-04       1.246715022179e+03 
       3.235877032066e-04       1.332296373608e+03 
       3.463647806409e-04       1.422274143217e+03 
       3.704493634340e-04       1.517092114772e+03 
       3.959747307006e-04       1.617228350016e+03 
       4.230853989411e-04       1.723195471058e+03 
       4.519372874741e-04       1.835539738323e+03 
       4.826975220161e-04       1.954838514009e+03 
       5.155437516903e-04       2.081695656608e+03 
       5.506628415780e-04       2.216734343250e+03 
       5.882488007422e-04       2.360586879205e+03 
       6.284998216087e-04       2.513881108465e+03 
       6.716143484631e-04       2.677223302168e+03 
       7.177861670716e-04       2.851177630310e+03 
       7.671986162231e-04       3.036242922954e+03 
       8.200181594551e-04       3.232827737796e+03 
       8.763877044742e-04       3.441225585976e+03 
       9.364201903732e-04       3.661592252707e+03 
       1.000193042924e-03       3.893927783660e+03 
       1.067744092453e-03       4.138065209109e+03 
       1.139069438538e-03       4.393667797000e+03 
       1.214123538332e-03       4.660235545938e+03 
       1.292821526828e-03       4.937120864772e+03 
       1.375043503953e-03       5.223531178558e+03 
       1.460640303702e-03       5.518594449571e+03 
       1.549440136473e-03       5.821393535522e+03 
       1.641255480852e-03       6.130955402500e+03 
       1.735889679903e-03       6.446297768875e+03 
       1.833142835819e-03       6.766452557410e+03 
       1.932816756480e-03       7.090484889389e+03 
       2.034718855882e-03       7.417507454915e+03 
       2.138665027763e-03       7.746690219504e+03 
       2.244481590698e-03       8.077266420488e+03 
       2.352006445951e-03       8.408535063470e+03 
       2.461089603649e-03       8.739860995650e+03 
       2.571593227525e-03       9.070672958641e+03 
       2.683391331660e-03       9.400459985206e+03 
       2.796369240698e-03       9.728768441330e+03 
       2.910422902277e-03       1.005519652810e+04 
       3.025458119365e-03       1.037939086806e+04 
       3.141389752134e-03       1.070104073679e+04 
       3.258140924284e-03       1.101987569525e+04 
       3.375642257195e-03       1.133565920097e+04 
       3.493831146546e-03       1.164818687248e+04 
       3.612651089673e-03       1.195728157112e+04 
       3.732051067366e-03       1.226279284071e+04 
       3.851984980680e-03       1.256458973493e+04 
       3.972411141295e-03       1.286256447603e+04 
       4.093291812639e-03       1.315662353150e+04 
       4.214592798289e-03       1.344669263941e+04 
       4.336283073808e-03       1.373270651448e+04 
       4.458334458085e-03       1.401461969611e+04 
       4.580721320347e-03       1.429238986638e+04 
       4.703420319181e-03       1.456598243704e+04 
       4.826410170191e-03       1.483533809211e+04 
       4.949671439144e-03       1.510054000203e+04 
       5.073186357795e-03       1.536150182430e+04 
       5.196938659830e-03       1.561824461664e+04 
       5.320913434644e-03       1.587080714303e+04 
       5.445096996923e-03       1.611920359226e+04 
       5.569476770221e-03       1.636338526449e+04 
       5.694041182930e-03       1.660265278103e+04 
       5.818779575232e-03       1.683849352206e+04 
       5.943682115777e-03       1.707019363153e+04 
       6.068739726998e-03       1.729772865045e+04 
       6.193944018068e-03       1.752125758777e+04 
       6.319287224673e-03       1.774087731200e+04 
       6.444762154818e-03       1.795665372388e+04 
       6.570362140015e-03       1.816792747473e+04 
       6.696080991259e-03       1.837532678448e+04 
       6.821912959281e-03       1.857874645685e+04 
       6.947852698610e-03       1.877835685805e+04 
       7.073895235040e-03       1.897410636466e+04 
       7.200035936153e-03       1.916598576892e+04 
       7.326270484569e-03       1.935407080028e+04 
       7.452594853648e-03       1.953824998149e+04 
       7.579005285388e-03       1.971889494853e+04 
       7.705498270306e-03       1.989634319363e+04 
       7.832070529098e-03       2.006961392363e+04 
       7.958718995898e-03       2.023924873669e+04 
       8.085440802992e-03       2.040530640702e+04 
       8.212233266837e-03       2.056786966214e+04 
       8.339093875259e-03       2.072690825137e+04 
       8.466020275726e-03       2.088247491362e+04 
       8.593010264591e-03       2.103460972364e+04 
       8.720061777213e-03       2.118335728419e+04 
       8.847172878884e-03       2.132874608541e+04 
       8.974341756476e-03       2.147077540772e+04 
       9.101566710758e-03       2.160954480738e+04 
       9.228846149315e-03       2.174507940923e+04 
       9.356178580014e-03       2.187739101093e+04 
       9.483562604981e-03       2.200652963988e+04 
       9.610996915031e-03       2.213253812358e+04 
       9.738480284528e-03       2.225546590837e+04 
       9.866011566623e-03       2.237523423751e+04 
       9.993589688851e-03       2.249207864559e+04 
       1.012121364905e-02       2.260578284717e+04 
       1.024888251160e-02       2.271657388261e+04 
       1.037659540388e-02       2.282450422615e+04 
       1.050435151305e-02       2.292945654843e+04 
       1.063215008303e-02       2.303146997808e+04 
       1.075999041168e-02       2.313078725989e+04 
       1.088787184824e-02       2.322712596053e+04 
       1.101579379084e-02       2.332081312671e+04 
       1.114375568431e-02       2.341173162787e+04 
       1.127175701810e-02       2.349995558374e+04 
       1.139979732426e-02       2.358547197972e+04 
       1.152787617573e-02       2.366834717903e+04 
       1.165599318458e-02       2.374860459421e+04 
       1.178414800047e-02       2.382628009290e+04 
       1.191234030923e-02       2.390139384712e+04 
       1.204056983145e-02       2.397406456162e+04 
       1.216883632125e-02       2.404402564106e+04 
       1.229713956510e-02       2.411165924861e+04 
       1.242547938077e-02       2.417680658559e+04 
       1.255385561625e-02       2.423959308948e+04 
       1.268226814887e-02       2.429997162603e+04 
       1.281071688441e-02       2.435804025767e+04 
       1.293920175629e-02       2.441372561134e+04 
       1.306772272482e-02       2.446714016518e+04 
       1.319627977655e-02       2.451825169863e+04 
       1.332487292356e-02       2.456715840319e+04 
       1.345350220294e-02       2.461383472559e+04 
       1.358216767623e-02       2.465841751112e+04 
       1.371086942890e-02       2.470068703474e+04 
       1.383960756993e-02       2.474083454549e+04 
       1.396838223138e-02       2.477888664750e+04 
       1.409719356801e-02       2.481488858190e+04 
       1.422604175696e-02       2.484885591047e+04 
       1.435492699744e-02       2.488073693077e+04 
       1.448384951043e-02       2.491060049789e+04 
       1.461280953848e-02       2.493853556742e+04 
       1.474180734547e-02       2.496448652482e+04 
       1.487084321642e-02       2.498852676554e+04 
       1.499991745737e-02       2.501061252465e+04 
       1.512903039521e-02       2.503083362562e+04 
       1.525818237762e-02       2.504919434284e+04 
       1.538737377292e-02       2.506575054277e+04 
       1.551660497010e-02       2.508042527949e+04 
       1.564587637869e-02       2.509338635527e+04 
       1.577518842884e-02       2.510454289608e+04 
       1.590454157126e-02       2.511401411603e+04 
       1.603393627726e-02       2.512172265805e+04 
       1.616337303885e-02       2.512772394683e+04 
       1.629285236872e-02       2.513208383123e+04 
       1.642237480040e-02       2.513473393553e+04 
       1.655194088833e-02       2.513578212366e+04 
       1.668155120801e-02       2.513529621869e+04 
       1.681120635611e-02       2.513314870201e+04 
       1.694090695063e-02       2.512955802931e+04 
       1.707065363111e-02       2.512427043996e+04 
       1.720044705880e-02       2.511750339076e+04 
       1.733028791688e-02       2.510924544072e+04 
       1.746017691066e-02       2.509955506391e+04 
       1.759011476787e-02       2.508839431702e+04 
       1.772010223888e-02       2.507577824770e+04 
       1.785014009701e-02       2.506181043825e+04 
       1.798022913880e-02       2.504556309365e+04 
       1.811037018434e-02       2.502956596769e+04 
       1.824056407757e-02       2.501068888404e+04 
       1.837081168666e-02       2.499123381810e+04 
       1.850111390434e-02       2.497047664217e+04 
       1.863147164830e-02       2.494918719392e+04 
       1.876188586157e-02       2.492579883715e+04 
       1.889235751294e-02       2.490058369238e+04 
       1.902288759739e-02       2.487532802720e+04 
       1.915347713652e-02       2.484763596182e+04 
       1.928412717904e-02       2.481924322837e+04 
       1.941483880124e-02       2.478963248943e+04 
       1.954561310748e-02       2.476027614286e+04 
       1.967645123073e-02       2.472850776951e+04 
       1.980735433310e-02       2.469557628066e+04 
       1.993832360638e-02       2.466109925624e+04 
       2.006936027266e-02       2.462615525074e+04 
       2.020046558486e-02       2.458986456387e+04 
       2.033164082742e-02       2.455368962680e+04 
       2.046288731689e-02       2.451555422930e+04 
       2.059420640260e-02       2.447640700415e+04 
       2.072559946735e-02       2.443520405647e+04 
       2.085706792812e-02       2.439431874242e+04 
       2.098861323675e-02       2.435298228439e+04 
       2.112023688076e-02       2.430923265559e+04 
       2.125194038407e-02       2.426507760321e+04 
       2.138372530781e-02       2.422029462046e+04 
       2.151559325117e-02       2.417456433849e+04 
       2.164754585220e-02       2.412798040316e+04 
       2.177958478875e-02       2.408064545193e+04 
       2.191171177931e-02       2.403233247261e+04 
       2.204392858399e-02       2.398313761225e+04 
       2.217623700545e-02       2.393309689933e+04 
       2.230863888992e-02       2.388246227560e+04 
       2.244113612820e-02       2.383094617757e+04 
       2.257373065674e-02       2.377857588336e+04 
       2.270642445868e-02       2.372562799892e+04 
       2.283921956503e-02       2.367232205396e+04 
       2.297211805578e-02       2.361743351807e+04 
       2.310512206115e-02       2.356296635927e+04 
       2.323823376273e-02       2.350637823837e+04 
       2.337145539485e-02       2.344982863184e+04 
       2.350478924582e-02       2.339256264122e+04 
       2.363823765931e-02       2.333490612489e+04 
       2.377180303574e-02       2.327644451802e+04 
       2.390548783373e-02       2.321728540164e+04 
       2.403929457154e-02       2.315765870715e+04 
       2.417322582866e-02       2.309728581682e+04 
       2.430728424736e-02       2.303718874910e+04 
       2.444147253433e-02       2.297516412437e+04 
       2.457579346235e-02       2.291311233747e+04 
       2.471024987205e-02       2.285130628621e+04 
       2.484484467371e-02       2.278764543062e+04 
       2.497958084910e-02       2.272428957079e+04 
       2.511446145339e-02       2.265999339970e+04 
       2.524948961719e-02       2.259553685981e+04 
       2.538466854850e-02       2.253069936233e+04 
       2.552000153492e-02       2.246529333281e+04 
       2.565549194579e-02       2.239941858992e+04 
       2.579114323446e-02       2.233319555458e+04 
       2.592695894062e-02       2.226650165552e+04 
       2.606294269277e-02       2.219928079248e+04 
       2.619909821064e-02       2.213225377062e+04 
       2.633542930785e-02       2.206385550873e+04 
       2.647193989458e-02       2.199543814534e+04 
       2.660863398031e-02       2.192683217747e+04 
       2.674551567673e-02       2.185777051193e+04 
       2.688258920070e-02       2.178887614156e+04 
       2.701985887736e-02       2.171877555420e+04 
       2.715732914328e-02       2.164912985208e+04 
       2.729500454981e-02       2.157880809296e+04 
       2.743288976649e-02       2.150795444731e+04 
       2.757098958463e-02       2.143696812111e+04 
       2.770930892099e-02       2.136578709933e+04 
       2.784785282159e-02       2.129455967106e+04 
       2.798662646575e-02       2.122267463732e+04 
       2.812563517011e-02       2.115068561256e+04 
       2.826488439304e-02       2.107849499271e+04 
       2.840437973897e-02       2.100602634624e+04 
       2.854412696310e-02       2.093341731799e+04 
       2.868413197615e-02       2.086054174202e+04 
       2.882440084937e-02       2.078739734721e+04 
       2.896493981973e-02       2.071445940730e+04 
       2.910575529532e-02       2.064070022961e+04 
       2.924685386096e-02       2.056708493094e+04 
       2.938824228406e-02       2.049361640439e+04 
       2.952992752068e-02       2.041927328589e+04 
       2.967191672187e-02       2.034554368665e+04 
       2.981421724031e-02       2.027087254856e+04 
       2.995683663715e-02       2.019647632265e+04 
       3.009978268917e-02       2.012184099750e+04 
       3.024306339630e-02       2.004727920689e+04 
       3.038668698940e-02       1.997276089349e+04 
       3.053066193840e-02       1.989744607659e+04 
       3.067499696080e-02       1.982249000827e+04 
       3.081970103052e-02       1.974740015961e+04 
       3.096478338723e-02       1.967216984727e+04 
       3.111025354598e-02       1.959687234927e+04 
       3.125612130738e-02       1.952152220185e+04 
       3.140239676813e-02       1.944641024673e+04 
       3.154909033220e-02       1.937074279094e+04 
       3.169621272235e-02       1.929502630320e+04 
       3.184377499234e-02       1.921940418864e+04 
       3.199178853964e-02       1.914387540895e+04 
       3.214026511879e-02       1.906797843977e+04 
       3.228921685539e-02       1.899231247617e+04 
       3.243865626077e-02       1.891648916324e+04 
       3.258859624744e-02       1.884083175727e+04 
       3.273905014525e-02       1.876489385361e+04 
       3.289003171837e-02       1.868890351350e+04 
       3.304155518322e-02       1.861309837198e+04 
       3.319363522718e-02       1.853738059410e+04 
       3.334628702845e-02       1.846140605807e+04 
       3.349952627681e-02       1.838549416874e+04 
       3.365336919555e-02       1.830938901423e+04 
       3.380783256457e-02       1.823344427541e+04 
       3.396293374477e-02       1.815774451944e+04 
       3.411869070370e-02       1.808187298135e+04 
       3.427512204271e-02       1.800587744580e+04 
       3.443224702559e-02       1.792993198572e+04 
       3.459008560886e-02       1.785438551894e+04 
       3.474865847377e-02       1.777826659637e+04 
       3.490798706018e-02       1.770246410854e+04 
       3.506809360243e-02       1.762683128136e+04 
       3.522900116731e-02       1.755110674172e+04 
       3.539073369439e-02       1.747530400826e+04 
       3.555331603872e-02       1.739963803651e+04 
       3.571677401623e-02       1.732395507852e+04 
       3.588113445189e-02       1.724833053393e+04 
       3.604642523095e-02       1.717274195147e+04 
       3.621267535350e-02       1.709721365637e+04 
       3.637991499244e-02       1.702175154983e+04 
       3.654817555538e-02       1.694623104905e+04 
       3.671748975054e-02       1.687105676221e+04 
       3.688789165714e-02       1.679547388801e+04 
       3.705941680059e-02       1.672005722411e+04 
       3.723210223282e-02       1.664476658892e+04 
       3.740598661827e-02       1.656944109520e+04 
       3.758111032594e-02       1.649418962252e+04 
       3.775751552812e-02       1.641904553569e+04 
       3.793524630623e-02       1.634395096671e+04 
       3.811434876457e-02       1.626862755705e+04 
       3.829487115249e-02       1.619356593042e+04 
       3.847686399600e-02       1.611849142445e+04 
       3.866038023938e-02       1.604334557538e+04 
       3.884547539800e-02       1.596817118437e+04 
       3.903220772326e-02       1.589331544182e+04 
       3.922063838079e-02       1.581822510203e+04 
       3.941083164337e-02       1.574324621562e+04 
       3.960285509985e-02       1.566815364065e+04 
       3.979677988174e-02       1.559323504730e+04 
       3.999268090934e-02       1.551844257836e+04 
       4.019063715939e-02       1.544332110941e+04 
       4.039073195644e-02       1.536836569410e+04 
       4.059305329066e-02       1.529336875007e+04 
       4.079769416483e-02       1.521797301391e+04 
       4.100475297380e-02       1.514314614760e+04 
       4.121433392012e-02       1.506811539894e+04 
       4.142654747000e-02       1.499279272356e+04 
       4.164151085424e-02       1.491752941581e+04 
       4.185934861965e-02       1.484239021511e+04 
       4.208019323695e-02       1.476704902344e+04 
       4.230418577227e-02       1.469149985683e+04 
       4.253147663014e-02       1.461596287268e+04 
       4.276222637740e-02       1.454048250320e+04 
       4.299660665834e-02       1.446460538726e+04 
       4.323480121366e-02       1.438891764025e+04 
       4.347700701712e-02       1.431275643761e+04 
       4.372343554655e-02       1.423658061308e+04 
       4.397431420821e-02       1.416023667434e+04 
       4.422988793707e-02       1.408368123393e+04 
       4.449042099890e-02       1.400694217702e+04 
       4.475619902523e-02       1.393015999944e+04 
       4.502753131722e-02       1.385276741808e+04 
       4.530475346141e-02       1.377524730830e+04 
       4.558823030822e-02       1.369757051814e+04 
       4.587835937384e-02       1.361961255565e+04 
       4.617557473786e-02       1.354098137896e+04 
       4.648035152375e-02       1.346222496337e+04 
       4.679321106684e-02       1.338301123486e+04 
       4.711472689664e-02       1.330321666477e+04 
       4.744553168744e-02       1.322264432389e+04 
       4.778632536507e-02       1.314225793248e+04 
       4.813788459998e-02       1.306082896988e+04 
       4.850107396992e-02       1.297860151981e+04 
       4.887685914221e-02       1.289544987815e+04 
       4.926632251028e-02       1.281179026576e+04 
       4.967068182591e-02       1.272742823162e+04 
       5.009131250527e-02       1.264189514710e+04 
       5.052977445986e-02       1.255532854762e+04 
       5.098784452509e-02       1.246746494562e+04 
       5.146755584057e-02       1.237855906323e+04 
       5.197124589383e-02       1.228827265581e+04 
       5.250161538827e-02       1.219603709624e+04 
       5.306180065388e-02       1.210206712738e+04 
       5.365546299107e-02       1.200581209198e+04 
       5.428689911187e-02       1.190687547421e+04 
       5.496117764951e-02       1.180507873372e+04 
       5.568430736980e-02       1.169976925400e+04 
       5.646344282423e-02       1.159045344332e+04 
       5.730713187357e-02       1.147626906266e+04 
       5.822560506272e-02       1.135618975130e+04 
       5.923109600135e-02       1.122874672186e+04 
       6.033815897323e-02       1.109125722471e+04 
       6.156390589076e-02       1.094279608485e+04 
       6.292800797692e-02       1.077869104923e+04 
       6.445219225212e-02       1.059447742644e+04 
       6.615883402490e-02       1.038500649719e+04 
       6.806821304577e-02       1.014352173835e+04 
       7.019430568397e-02       9.861745628494e+03 
       7.253989554425e-02       9.534274579196e+03 
       7.509308802243e-02       9.157729761544e+03 
       7.782775981849e-02       8.734868782122e+03 
       8.070866819590e-02       8.275395925114e+03 
       8.369884713925e-02       7.795280350860e+03 
       8.676568297340e-02       7.312711912076e+03 
       8.988376696782e-02       6.846617267197e+03 
       9.303496061784e-02       6.412828297887e+03 
       9.620705962711e-02       6.022854254666e+03 
       9.939216443297e-02       5.683427342035e+03 
       1.025852864772e-01       5.396389061477e+03 
       1.057833237112e-01       5.159298407462e+03 
       1.089843654070e-01       4.966667261196e+03 
       1.121872413917e-01       4.810137360169e+03 
       1.153912374585e-01       4.680688373260e+03 
       1.185959185239e-01       4.568212728316e+03 
       1.218010197798e-01       4.463087415916e+03 
       1.250063800796e-01       4.357164905970e+03 
       1.282119013113e-01       4.243777056526e+03 
       1.314175236721e-01       4.118490531256e+03 
       1.346232106369e-01       3.980346349580e+03 
       1.378289398280e-01       3.830037035164e+03 
       1.410346974706e-01       3.670220098384e+03 
       1.442404750258e-01       3.505325717379e+03 
       1.474462671466e-01       3.340220866191e+03 
       1.506520704357e-01       3.180144026827e+03 
       1.538578826908e-01       3.029432854133e+03 
       1.570637024459e-01       2.891525270891e+03 
       1.602695286915e-01       2.768773490417e+03 
       1.634753607043e-01       2.661955337750e+03 
       1.666811979427e-01       2.570996885424e+03 
       1.698870399830e-01       2.494395401296e+03 
       1.730928864798e-01       2.430213370173e+03 
       1.762987371414e-01       2.375506366675e+03 
       1.795045917147e-01       2.327483285494e+03 
       1.827104499747e-01       2.283139729642e+03 
       1.859163117188e-01       2.240046095936e+03 
       1.891221767618e-01       2.195521444245e+03 
       1.923280449337e-01       2.147521713527e+03 
       1.955339160768e-01       2.095178442988e+03 
       1.987397900450e-01       2.038329746893e+03 
       2.019456667016e-01       1.977477745797e+03 
       2.051515459192e-01       1.913900485159e+03 
       2.083574275783e-01       1.849125685592e+03 
       2.115633115669e-01       1.784746174711e+03 
       2.147691977799e-01       1.722342720492e+03 
       2.179750861182e-01       1.663158695785e+03 
       2.211809764887e-01       1.608056588440e+03 
       2.243868688038e-01       1.557873838077e+03 
       2.275927629806e-01       1.512675669295e+03 
       2.307986589410e-01       1.472636708776e+03 
       2.340045566112e-01       1.437279680634e+03 
       2.372104559214e-01       1.406071983748e+03 
       2.404163568055e-01       1.378155469217e+03 
       2.436222592011e-01       1.352611848085e+03 
       2.468281630489e-01       1.328365513227e+03 
       2.500340682926e-01       1.304691961140e+03 
       2.532399748788e-01       1.280653234046e+03 
       2.564458827570e-01       1.255827714568e+03 
       2.596517918790e-01       1.229992820625e+03 
       2.628577021989e-01       1.202983605507e+03 
       2.660636136733e-01       1.174920683470e+03 
       2.692695262607e-01       1.146062593087e+03 
       2.724754399214e-01       1.116787903431e+03 
       2.756813546180e-01       1.087602540980e+03 
       2.788872703143e-01       1.058998057477e+03 
       2.820931869763e-01       1.031416791431e+03 
       2.852991045711e-01       1.005263920623e+03 
       2.885050230674e-01       9.808116681951e+02 
       2.917109424354e-01       9.581602852494e+02 
       2.949168626466e-01       9.373448632888e+02 
       2.981227836734e-01       9.181941599165e+02 
       3.013287054899e-01       9.005404801318e+02 
       3.045346280708e-01       8.840912348187e+02 
       3.077405513923e-01       8.686043301334e+02 
       3.109464754312e-01       8.537617839873e+02 
       3.141524001655e-01       8.392733336039e+02 
       3.173583255741e-01       8.250018605428e+02 
       3.205642516365e-01       8.106392008384e+02 
       3.237701783333e-01       7.960576240406e+02 
       3.269761056457e-01       7.812932784932e+02 
       3.301820335557e-01       7.662659555532e+02 
       3.333879620460e-01       7.510962642550e+02 
       3.365938910999e-01       7.359069091370e+02 
       3.397998207014e-01       7.208388845704e+02 
       3.430057508351e-01       7.060034976075e+02 
       3.462116814860e-01       6.915837559691e+02 
       3.494176126400e-01       6.776638908794e+02 
       3.526235442832e-01       6.643196159888e+02 
       3.558294764024e-01       6.515891745547e+02 
       3.590354089846e-01       6.395424384018e+02 
       3.622413420177e-01       6.281296217595e+02 
       3.654472754897e-01       6.173230112357e+02 
       3.686532093890e-01       6.070652920328e+02 
       3.718591437046e-01       5.972261225100e+02 
       3.750650784257e-01       5.877260098467e+02 
       3.782710135420e-01       5.784169471755e+02 
       3.814769490436e-01       5.692902922621e+02 
       3.846828849206e-01       5.602821877225e+02 
       3.878888211638e-01       5.513016786143e+02 
       3.910947577642e-01       5.423955341546e+02 
       3.943006947129e-01       5.334928967824e+02 
       3.975066320015e-01       5.246322813518e+02 
       4.007125696219e-01       5.158408007919e+02 
       4.039185075661e-01       5.071229475542e+02 
       4.071244458264e-01       4.985433511486e+02 
       4.103303843954e-01       4.901354584355e+02 
       4.135363232658e-01       4.819581021398e+02 
       4.167422624308e-01       4.740010095748e+02 
       4.199482018834e-01       4.662869411327e+02 
       4.231541416173e-01       4.588374583501e+02 
       4.263600816259e-01       4.516366244567e+02 
       4.295660219031e-01       4.446746797409e+02 
       4.327719624429e-01       4.379396937411e+02 
       4.359779032396e-01       4.314231357162e+02 
       4.391838442874e-01       4.250942180967e+02 
       4.423897855809e-01       4.189145238915e+02 
       4.455957271148e-01       4.128913500877e+02 
       4.488016688838e-01       4.069965260400e+02 
       4.520076108831e-01       4.011582487953e+02 
       4.552135531076e-01       3.953986838674e+02 
       4.584194955526e-01       3.897067223677e+02 
       4.616254382136e-01       3.840777891234e+02 
       4.648313810861e-01       3.785164076015e+02 
       4.680373241656e-01       3.730275401728e+02 
       4.712432674480e-01       3.676160590554e+02 
       4.744492109291e-01       3.622887169507e+02 
       4.776551546050e-01       3.570663220793e+02 
       4.808610984716e-01       3.519322693132e+02 
       4.840670425253e-01       3.469099133850e+02 
       4.872729867622e-01       3.420137221881e+02 
       4.904789311788e-01       3.372465894655e+02 
       4.936848757716e-01       3.326086135364e+02 
       4.968908205372e-01       3.280939969603e+02 
       5.000967654722e-01       3.236909586861e+02 
       5.033027105733e-01       3.193887503810e+02 
       5.065086558375e-01       3.151768770751e+02 
       5.097146012616e-01       3.110477833978e+02 
       5.129205468426e-01       3.069949645609e+02 
       5.161264925776e-01       3.030099767489e+02 
       5.193324384638e-01       2.990910135119e+02 
       5.225383844982e-01       2.952276573314e+02 
       5.257443306783e-01       2.914160766021e+02 
       5.289502770013e-01       2.876532337250e+02 
       5.321562234647e-01       2.839396360806e+02 
       5.353621700660e-01       2.802800621883e+02 
       5.385681168026e-01       2.766796030257e+02 
       5.417740636721e-01       2.731431252835e+02 
       5.449800106723e-01       2.696717567883e+02 
       5.481859578007e-01       2.662667673939e+02 
       5.513919050553e-01       2.629266382848e+02 
       5.545978524337e-01       2.596484249250e+02 
       5.578037999338e-01       2.564327653674e+02 
       5.610097475536e-01       2.532793124910e+02 
       5.642156952909e-01       2.501879014303e+02 
       5.674216431438e-01       2.471583957238e+02 
       5.706275911104e-01       2.441874838832e+02 
       5.738335391887e-01       2.412708527739e+02 
       5.770394873769e-01       2.384028321065e+02 
       5.802454356731e-01       2.355800381303e+02 
       5.834513840755e-01       2.327989310727e+02 
       5.866573325824e-01       2.300606414061e+02 
       5.898632811922e-01       2.273648584834e+02 
       5.930692299030e-01       2.247120920520e+02 
       5.962751787134e-01       2.220997633008e+02 
       5.994811276216e-01       2.195262723758e+02 
       6.026870766261e-01       2.169899168209e+02 
       6.058930257254e-01       2.144886731233e+02 
       6.090989749181e-01       2.120247150261e+02 
       6.123049242025e-01       2.095992217952e+02 
       6.155108735773e-01       2.072139969280e+02 
       6.187168230411e-01       2.048701343145e+02 
       6.219227725924e-01       2.025676654923e+02 
       6.251287222300e-01       2.003035484796e+02 
       6.283346719526e-01       1.980761473069e+02 
       6.315406217587e-01       1.958833151871e+02 
       6.347465716472e-01       1.937251370691e+02 
       6.379525216168e-01       1.916013892319e+02 
       6.411584716663e-01       1.895120553774e+02 
       6.443644217944e-01       1.874569682934e+02 
       6.475703720001e-01       1.854342346776e+02 
       6.507763222821e-01       1.834413696994e+02 
       6.539822726394e-01       1.814764081288e+02 
       6.571882230709e-01       1.795372174290e+02 
       6.603941735754e-01       1.776249202124e+02 
       6.636001241518e-01       1.757395591837e+02 
       6.668060747993e-01       1.738822608770e+02 
       6.700120255167e-01       1.720529204504e+02 
       6.732179763030e-01       1.702518522840e+02 
       6.764239271572e-01       1.684767207089e+02 
       6.796298780785e-01       1.667256967433e+02 
       6.828358290657e-01       1.649986939266e+02 
       6.860417801181e-01       1.632957963995e+02 
       6.892477312347e-01       1.616178357835e+02 
       6.924536824146e-01       1.599656530591e+02 
       6.956596336570e-01       1.583390439080e+02 
       6.988655849609e-01       1.567372732347e+02 
       7.020715363255e-01       1.551586803147e+02 
       7.052774877500e-01       1.536017302494e+02 
       7.084834392336e-01       1.520654320322e+02 
       7.116893907755e-01       1.505498355465e+02 
       7.148953423749e-01       1.490551563433e+02 
       7.181012940309e-01       1.475820492737e+02 
       7.213072457430e-01       1.461302145659e+02 
       7.245131975103e-01       1.446987911403e+02 
       7.277191493320e-01       1.432864483871e+02 
       7.309251012076e-01       1.418920866769e+02 
       7.341310531362e-01       1.405152780008e+02 
       7.373370051171e-01       1.391558253352e+02 
       7.405429571498e-01       1.378151072236e+02 
       7.437489092334e-01       1.364927828196e+02 
       7.469548613675e-01       1.351892807015e+02 
       7.501608135512e-01       1.339039597923e+02 
       7.533667657840e-01       1.326356041822e+02 
       8.234874449805e-01       1.086185213616e+02 
       9.251239502941e-01       8.341012690921e+01 
       1.086877452770e+00       5.758210739202e+01 
